[scan_gpu] NVIDIA GeForce RTX 5090 sm_120, 33.7 Go
# SCAN [970000000,1004000000] : 1641614 premiers
TARGET r=2 k=25 count=2 max_p=994363759 bound=23864730217
TARGET r=3 k=17 count=405 max_p=1003998637 bound=16063978193
TARGET r=3 k=18 count=63598 max_p=1003999531 bound=17067992028
TARGET r=3 k=19 count=349964 max_p=1003999747 bound=18071995447
TARGET r=3 k=20 count=617363 max_p=1003999951 bound=19075999070
TARGET r=3 k=21 count=745513 max_p=1003999951 bound=20079999021
TARGET r=3 k=22 count=794193 max_p=1003999951 bound=21083998972
TARGET r=3 k=23 count=811631 max_p=1003999951 bound=22087998923
TARGET r=3 k=24 count=817628 max_p=1003999951 bound=23091998874
TARGET r=3 k=25 count=819634 max_p=1003999951 bound=24095998825
TARGET r=2 k=26 count=1092 max_p=1003996603 bound=25099915076
TARGET r=2 k=27 count=41741 max_p=1003998997 bound=26103973923
TARGET r=2 k=28 count=259272 max_p=1003999973 bound=27107999272
CHECKSUM 5891343475671667447
CANDIDATS r=2 k=25 : 987469279 994363759
CANDIDATS r=3 k=17 : 970019599 970071001 970091839 970103599 970136953 970179967 970303843 970321399 970375291 970502887 970544713 970580389 970616917 970782847 971019349 971024449 971029723 971104483 971244073 971244727 971293663 971499721 971507401 971632009 971767309 972233737 972251083 972383617 972511543 972580429 972741097 972775759 972941743 972980137 972988921 973034269 973171789 973355203 973365433 973397599 973672123 973685563 973871167 973885651 973901317 973952809 973961581 973971307 974045407 974087077 974160487 974252287 974305747 974330239 974341141 974410153 974439451 974456809 974632657 974711839 974713429 974735947 974922337 975132493 975175681 975185677 975285247 975325453 975384607 975409537 975526561 975564217 975668821 975673789 975695389 975748651 975752977 975800953 975937099 976131349 976176979 976193443 976235929 976270891 976426063 976472677 976502041 976547263 976629421 976693363 976707871 976735933 976762453 976797403 976839859 976958401 976960399 976996333 977035393 977131387 977191837 977284453 977324323 977356069 977364727 977417509 977433703 977540623 977560951 977577499 977589271 977721271 977913847 978014731 978087307 978226693 978239299 978309571 978309967 978463573 978544951 978656227 978666901 978834601 978876091 978926383 978994651 979018387 979023817 979144351 979204489 979269349 979270351 979521253 979650151 979693129 979781863 979810939 979842613 979857121 979863061 979874149 979902817 979953781 979955203 980030341 980040277 980140393 980224513 980234119 980445133 980488471 980563033 980592169 980669317 980675623 980704099 980761489 980824123 980869693 980940061 981212581 981231847 981501589 981546439 981596527 981614149 981796441 981911863 981980371 981986503 982130131 982161529 982244821 982261471 982360417 982365253 982464139 982550323 982564987 982654819 982751533 982916443 983035369 983119663 983166391 983348917 983569819 983653141 983665201 983675653 983681437 983797303 983855329 983938867 984257023 984384823 984603001 984623053 984653029 984695617 985147441 985295797 985332031 985360459 985435939 985510063 985948807 985957663 985961887 986056657 986167531 986171059 986177041 986436313 986445001 986449963 986463889 986510803 986569099 986603881 986630053 986635921 986739139 986793193 986797729 986820469 986914483 986962663 987048241 987063907 987123439 987266149 987272791 987323677 987381193 987458431 987583747 987741091 987991813 988025677 988026643 988602361 988607533 988828657 988918621 989048497 989147293 989419489 989758597 989809423 989987527 990157549 990234769 990340201 990413821 990563359 990579067 990626407 990634921 990671323 990769783 990784063 990925777 991002613 991061479 991086007 991141057 991154299 991439329 991467691 991552993 991789489 991841713 991955869 992017981 992111623 992120449 992212957 992222551 992271937 992289211 992340997 992393827 992420383 992469559 992647021 992939737 993089353 993158053 993167041 993176347 993265843 993389953 993451363 993851851 994021489 994052083 994223287 994261129 994388467 994528687 994725337 994830097 994917241 995035429 995046841 995203939 995275363 995400019 995486647 995535319 995624269 995662519 995794021 995852839 995936983 996064477 996232639 996500221 996543913 996560401 996642223 996669067 996756403 996781081 996811537 996923779 996946807 997006789 997043317 997096537 997343509 997405177 997457833 997489069 997597243 997666099 997701619 997772563 998030809 998274919 998352913 998433847 998580469 998667673 998835361 998899051 998925427 999064723 999438499 999487921 999613621 999662269 999664591 999700489 999726733 999949147 999994189 1000082791 1000095697 1000215379 1000241413 1000330519 1000347979 1000448563 1000479547 1000489591 1000510507 1000690549 1000734649 1000740733 1000951957 1001126041 1001221867 1001235619 1001427499 1001460589 1001693779 1001698177 1001812579 1001820037 1001848807 1001871331 1001882569 1001960203 1002070609 1002108277 1002291319 1002332833 1002362743 1002510703 1002763897 1002837763 1002899977 1002917833 1002924301 1002977659 1003108387 1003182403 1003298581 1003402417 1003470439 1003757233 1003998637
COLQ r=2 k=25 cnt=2 : 2 0 2 1 0 2
COLQ r=3 k=17 cnt=405 : 128 140 126 147 120 148
COLQ r=3 k=18 cnt=63598 : 21032 21088 21287 21168 20914 20844
COLQ r=3 k=19 cnt=349964 : 116027 115931 116257 116527 115877 116183
COLQ r=3 k=20 cnt=617363 : 204937 204783 204583 205331 204868 205460
COLQ r=3 k=21 cnt=745513 : 247829 247505 247013 248079 247871 248358
COLQ r=3 k=22 cnt=794193 : 264070 264015 263348 264349 264080 264700
COLQ r=3 k=23 cnt=811631 : 270111 270307 269587 270383 270049 270734
COLQ r=3 k=24 cnt=817628 : 272301 272463 271651 272455 272163 272829
COLQ r=3 k=25 cnt=819634 : 273066 273179 272408 273150 272890 273529
COLQ r=2 k=26 cnt=1092 : 542 540 547 524 553 539
COLQ r=2 k=27 cnt=41741 : 20732 20767 20556 20667 20769 20746
COLQ r=2 k=28 cnt=259272 : 128607 128707 128488 128879 128693 129116
HISTO r=2 : 0 0 0 0 0 0 0 0 0 0 0 0 0 0 0 0 0 0 0 0 0 0 0 0 2 1090 40649 217531 391858 379733 267830 159497 87143 45838 24053 12188 6678 3233 1702 934 738 277 310 93 47 13 88 17 9 9 2 1 26 3 2 0 0 0 10 1 5 0 0 4
HISTO r=3 : 0 0 0 0 0 0 0 0 0 0 0 0 0 0 0 0 405 63193 286366 267399 128150 48680 17438 5997 2006 683 321 135 126 32 50 5 7 1 1 0 5 0 0 0 4 0 1 0 0 0 0 0 0 0 0 0 0 0 0 0 0 0 0 0 0 0 0 0
HISTO r=4 : 0 0 0 0 0 0 0 0 0 0 0 0 0 3320 203309 372060 172333 51138 13597 3499 939 223 86 30 8 6 2 3 3 1 2 0 0 0 0 0 0 0 0 0 0 0 0 0 0 0 0 0 0 0 0 0 0 0 0 0 0 0 0 0 0 0 0 0
HISTO r=5 : 0 0 0 0 0 0 0 0 0 0 0 128 81453 215230 87007 20792 4517 898 224 49 17 5 10 2 0 0 1 0 0 0 0 0 0 0 0 0 0 0 0 0 0 0 0 0 0 0 0 0 0 0 0 0 0 0 0 0 0 0 0 0 0 0 0 0
HISTO r=6 : 0 0 0 0 0 0 0 0 0 0 972 263676 414857 115801 21330 3530 690 111 27 5 2 1 2 0 0 0 0 0 1 0 0 0 0 0 0 0 0 0 0 0 0 0 0 0 0 0 0 0 0 0 0 0 0 0 0 0 0 0 0 0 0 0 0 0
HISTO r=7 : 0 0 0 0 0 0 0 0 0 5 60881 159721 44791 7081 1034 130 36 12 4 0 0 0 0 0 0 0 0 0 0 0 0 0 0 0 0 0 0 0 0 0 0 0 0 0 0 0 0 0 0 0 0 0 0 0 0 0 0 0 0 0 0 0 0 0
HISTO r=8 : 0 0 0 0 0 0 0 0 0 16609 257862 115572 17848 2241 298 37 12 3 2 1 0 0 0 0 0 0 0 0 0 0 0 0 0 0 0 0 0 0 0 0 0 0 0 0 0 0 0 0 0 0 0 0 0 0 0 0 0 0 0 0 0 0 0 0
HISTO r=9 : 0 0 0 0 0 0 0 0 13 87773 153590 28584 3531 398 51 11 3 0 1 0 0 0 0 0 0 0 0 0 0 0 0 0 0 0 0 0 0 0 0 0 0 0 0 0 0 0 0 0 0 0 0 0 0 0 0 0 0 0 0 0 0 0 0 0
TOP r=2 : 978031031:72 981409069:70 986585461:70 981114709:66 977019289:60 983631289:60 983663521:60 987304919:60 1001344369:60 982774763:59 971461261:58 976015681:58 977634421:58 982161469:58 983025599:58 983274239:58 984452999:58 985047839:58 1001293549:58 1002589669:58
TOP r=3 : 1003223467:42 982880401:40 989912659:40 992700103:40 994411063:40 983204017:36 984236629:36 985566553:36 988038211:36 999727423:36 986672839:34 1001662789:33 970947403:32 975976051:32 979126801:32 986895211:32 995383789:32 995982037:32 999449551:32 972495571:31
TOP r=4 : 970139713:30 1003438489:30 980694049:29 971006689:28 975600649:28 994319881:28 970492321:27 997493641:27 997975049:27 997711801:26 999150409:26 970878193:25 973730521:25 981408257:25 985723157:25 989771561:25 991670593:25 972166073:24 972931541:24 978586009:24
TOP r=5 : 986835911:26 984088151:23 989372981:23 972538331:22 974746271:22 975994031:22 984504371:22 989934521:22 992153611:22 992750701:22 997781971:22 999617851:22 1000522651:22 978068891:21 989198641:21 990987311:21 995029891:21 996746291:21 975902911:20 976300961:20
TOP r=6 : 992781661:28 973152181:22 974852701:22 978182857:21 985265377:20 999529753:20 970876057:19 977389129:19 990707041:19 998392543:19 1003867351:19 971797747:18 971886403:18 972651367:18 972914179:18 977165731:18 978680641:18 980087467:18 980299609:18 980619061:18
TOP r=7 : 971667383:18 973477051:18 979949713:18 997847761:18 973292321:17 977005261:17 978174569:17 980655691:17 982017709:17 983268413:17 983333401:17 984417883:17 989115317:17 989180347:17 992754533:17 1003725689:17 970378109:16 970482521:16 972943007:16 972951043:16
TOP r=8 : 982761337:19 971006689:18 975600649:18 971457433:17 986258513:17 998005873:17 971596081:16 976073569:16 979153561:16 982277521:16 983160649:16 983205193:16 985912657:16 987831601:16 993851329:16 994421209:16 1002004657:16 1002974569:16 971333593:15 973753969:15
TOP r=9 : 996552091:18 979471189:16 998047711:16 1000414837:16 979290163:15 980950393:15 980988301:15 981645463:15 982337581:15 988620571:15 992945017:15 994424797:15 1000841689:15 1001945863:15 1003954141:15 971259661:14 971410213:14 972247321:14 973093213:14 973306963:14
